0.000000 0.939032 0.539935 0.867106 0.530772 0.908258 0.527962 0.920599 0.537607 0.932567 0.525630 0.919803 0.535448 0.919071 0.519156 0.989674 0.585185 0.972661 0.577897 0.969134 1.509681 1.628135 1.495719 1.617683 1.503530 1.621722 1.522072 1.725587 1.537649 1.633116 1.602145 1.736980 1.602763 1.739911 1.600480 1.736784 1.595911 1.730286 1.636104 1.728523 1.620072 1.715727 1.597249 1.713312 1.602897 1.714780 1.602691 1.735284 1.578065 1.707033 1.590010 1.716309 1.603769 1.708415 1.600570 1.729802 1.624468 1.715053 1.614541 1.732248 1.614583 1.731589 1.584865 1.732188 1.534505 1.728008 1.596961 1.715487 1.605834 1.734699 1.591842 1.736704 1.574407 1.720865 1.611736 1.719370 1.579806 1.730859 1.583047 1.635883 
0.939032 0.000000 0.960961 0.553326 0.932210 0.561817 0.932792 0.570023 0.950803 0.566296 0.940413 0.594956 0.964651 0.574935 0.973256 0.613576 0.979058 0.624015 1.002777 0.623359 1.645280 1.744817 1.652935 1.756724 1.672383 1.784330 1.681466 1.775325 1.691124 1.778604 1.767894 1.880852 1.761332 1.798053 1.755035 1.874845 1.747090 1.884286 1.776380 1.871381 1.769409 1.854453 1.764433 1.867260 1.757473 1.864196 1.750148 1.876960 1.755083 1.803540 1.753657 1.864792 1.750801 1.852426 1.758049 1.859409 1.747574 1.861797 1.759132 1.871578 1.752860 1.865493 1.761704 1.864238 1.752266 1.802520 1.758438 1.869830 1.757639 1.855663 1.761183 1.854418 1.773608 1.789914 1.750116 1.864522 1.762275 1.806896 1.756803 1.816419 
0.539935 0.960961 0.000000 0.946471 0.563426 0.960798 0.572941 0.933877 0.579948 0.935725 0.575381 0.945897 0.595598 0.953904 0.617029 0.975796 0.594028 0.975382 0.621888 0.991414 1.505812 1.619984 1.506658 1.618422 1.536049 1.613808 1.489087 1.613163 1.494955 1.647329 1.533576 1.742382 1.582384 1.724895 1.554726 1.727960 1.579669 1.715594 1.610014 1.718775 1.604007 1.712853 1.575944 1.706794 1.576963 1.716314 1.582488 1.734384 1.567336 1.708512 1.578116 1.711390 1.582352 1.713948 1.590462 1.718246 1.587568 1.722357 1.598115 1.711575 1.583311 1.706067 1.581411 1.704678 1.580427 1.706874 1.562497 1.707386 1.580576 1.711108 1.579968 1.704055 1.583940 1.703327 1.545515 1.712465 1.568336 1.728543 1.568013 1.705766 
0.867106 0.553326 0.946471 0.000000 0.944007 0.565004 0.936124 0.578357 0.926325 0.570166 0.942375 0.573448 0.972242 0.592484 0.957776 0.591711 0.977640 0.589611 0.961241 0.637330 1.635040 1.733654 1.641761 1.753130 1.646053 1.730002 1.652341 1.745138 1.666835 1.756798 1.668843 1.883614 1.748153 1.872904 1.748318 1.770070 1.739687 1.869638 1.743459 1.879285 1.746171 1.853455 1.746023 1.871241 1.747183 1.867948 1.750185 1.889955 1.746782 1.860599 1.752409 1.776997 1.746360 1.871205 1.744429 1.868277 1.743491 1.876489 1.750703 1.883563 1.759601 1.860117 1.749403 1.870331 1.742040 1.858961 1.752826 1.800312 1.746747 1.875954 1.751174 1.874659 1.749661 1.871882 1.746614 1.790405 1.742761 1.872297 1.751775 1.787286 
0.530772 0.932210 0.563426 0.944007 0.000000 0.953860 0.564818 0.954757 0.567460 0.932147 0.585817 0.931339 0.589521 0.962830 0.614015 0.980310 0.608291 0.974542 0.611936 0.994058 1.488520 1.628962 1.504478 1.617164 1.542163 1.625953 1.503808 1.613086 1.501014 1.632579 1.514277 1.670791 1.598410 1.738320 1.595959 1.722611 1.549296 1.728902 1.618943 1.728063 1.597925 1.727584 1.589566 1.730016 1.589127 1.712577 1.594154 1.734986 1.576355 1.717821 1.587708 1.712372 1.580315 1.719428 1.605442 1.726775 1.595857 1.720563 1.596016 1.725304 1.607537 1.725811 1.589371 1.726170 1.575117 1.719115 1.589898 1.718637 1.573807 1.717936 1.585610 1.723167 1.593791 1.715453 1.582617 1.709240 1.594281 1.719733 1.573065 1.712751 
0.908258 0.561817 0.960798 0.565004 0.953860 0.000000 0.949679 0.577354 0.924209 0.576919 0.948886 0.579164 0.965512 0.609192 0.973899 0.602416 0.978998 0.608347 0.975839 0.617721 1.640151 1.719373 1.641153 1.746409 1.651291 1.744528 1.647874 1.754673 1.651499 1.749608 1.663511 1.773252 1.755812 1.879384 1.741086 1.863252 1.747126 1.769854 1.750796 1.880957 1.746453 1.856341 1.743850 1.887773 1.737393 1.866498 1.738767 1.900077 1.751464 1.871725 1.750189 1.857534 1.747443 1.769801 1.737925 1.869940 1.748317 1.870233 1.740906 1.885265 1.746784 1.872924 1.742108 1.879612 1.738697 1.874734 1.750635 1.872380 1.747455 1.774093 1.745047 1.871338 1.745373 1.872419 1.749306 1.878891 1.741737 1.779208 1.743993 1.865450 
0.527962 0.932792 0.572941 0.936124 0.564818 0.949679 0.000000 0.972640 0.574455 0.947029 0.574921 0.936569 0.618609 0.946574 0.617941 0.974244 0.614472 0.972279 0.604128 0.970567 1.497066 1.622655 1.497781 1.618730 1.533390 1.646287 1.517473 1.624842 1.556719 1.622070 1.558782 1.652303 1.616586 1.712855 1.594744 1.717111 1.596027 1.716678 1.541007 1.778087 1.610574 1.711999 1.599382 1.717367 1.593544 1.705745 1.592872 1.729114 1.573248 1.711576 1.596809 1.702466 1.584233 1.713701 1.551029 1.729395 1.654051 1.719970 1.603637 1.740160 1.608580 1.709769 1.574917 1.723873 1.588701 1.700954 1.597407 1.699528 1.592904 1.710605 1.555924 1.711407 1.593560 1.709332 1.591244 1.703167 1.578599 1.709611 1.568210 1.719289 
0.920599 0.570023 0.933877 0.578357 0.954757 0.577354 0.972640 0.000000 0.940516 0.571183 0.940256 0.596301 0.956523 0.594852 0.965786 0.605158 0.989006 0.580169 0.980985 0.600859 1.640893 1.735131 1.652267 1.739795 1.657409 1.740434 1.649913 1.958538 1.669262 1.755844 1.667898 1.767101 1.774016 1.896754 1.750998 1.880153 1.753247 1.893390 1.758877 1.775006 1.757172 1.875537 1.763934 1.877594 1.757700 1.872428 1.756722 1.899109 1.757057 1.881499 1.750257 1.891908 1.746771 1.886668 1.758197 1.770365 1.752390 1.876015 1.756126 1.896517 1.754954 1.892846 1.758396 1.888380 1.749189 1.870106 1.753894 1.875785 1.758298 1.870665 1.753410 1.781261 1.754440 1.889040 1.752165 1.882269 1.748846 1.889873 1.750391 1.776049 
0.537607 0.950803 0.579948 0.926325 0.567460 0.924209 0.574455 0.940516 0.000000 0.938274 0.567601 0.958345 0.606818 0.945370 0.612795 0.966052 0.613865 0.995697 0.603783 0.989955 1.503928 1.639084 1.518066 1.635422 1.509869 1.638886 1.524601 1.643086 1.500057 1.633359 1.517132 1.672241 1.553013 1.756032 1.619220 1.732331 1.594936 1.737897 1.626678 1.740742 1.577381 1.727695 1.611921 1.730237 1.610231 1.723737 1.593186 1.735428 1.594639 1.723482 1.603702 1.722270 1.608776 1.727482 1.598177 1.737454 1.586428 1.735817 1.624928 1.752320 1.616204 1.747571 1.610937 1.735287 1.597597 1.728802 1.614323 1.729339 1.593534 1.722037 1.654670 1.727784 1.598493 1.722717 1.603624 1.737076 1.599047 1.720758 1.604595 1.732314 
0.932567 0.566296 0.935725 0.570166 0.932147 0.576919 0.947029 0.571183 0.938274 0.000000 0.948751 0.587914 0.945878 0.617803 0.979888 0.610302 0.975839 0.603683 0.981135 0.615815 1.685026 1.794407 1.688853 1.807299 1.715035 1.792700 1.721378 1.800839 1.713524 1.810556 1.731008 1.829931 1.743919 1.914798 1.801920 1.909333 1.808815 1.896079 1.827596 1.895343 1.813705 1.836643 1.807879 1.900978 1.806424 1.899136 1.805850 1.928760 1.810696 1.896028 1.803456 1.894174 1.804539 1.897242 1.816254 1.906734 1.803732 1.834825 1.803793 2.027384 1.840068 1.904163 1.800390 1.921638 1.816564 1.897253 1.821650 1.896980 1.812859 1.897983 1.802067 1.890913 1.808289 1.833045 1.802324 1.894168 1.805388 1.908695 1.809407 1.899965 
0.525630 0.940413 0.575381 0.942375 0.585817 0.948886 0.574921 0.940256 0.567601 0.948751 0.000000 0.966543 0.580153 0.967091 0.631381 0.982472 0.614479 0.974787 0.619276 1.000179 1.590746 1.627425 1.509390 1.627984 1.513374 1.656290 1.499933 1.650338 1.513832 1.629245 1.514385 1.654945 1.522478 1.749328 1.596600 1.716822 1.605310 1.728022 1.629815 1.823239 1.650067 1.715200 1.533526 1.719494 1.596825 1.726852 1.616915 1.743150 1.599211 1.725979 1.598509 1.716432 1.590690 1.725844 1.602038 1.732573 1.596123 1.727418 1.572246 1.813580 1.636490 1.819869 1.599030 1.736069 1.594851 1.719965 1.594696 1.726006 1.604689 1.721984 1.595568 1.729322 1.607621 1.728720 1.537002 1.717161 1.583120 1.722263 1.595867 1.718742 
0.919803 0.594956 0.945897 0.573448 0.931339 0.579164 0.936569 0.596301 0.958345 0.587914 0.966543 0.000000 0.977688 0.624791 0.981731 0.631929 0.980239 0.610146 0.985227 0.626353 1.686215 1.866571 1.643356 1.747282 1.654897 1.747847 1.659840 1.757194 1.659210 1.764955 1.669258 1.793222 1.683703 1.914905 1.756535 1.891533 1.759709 1.893434 1.861419 1.984864 1.824530 1.984269 1.753236 1.776012 1.825116 1.978845 1.829066 2.004241 1.755412 1.879488 1.755668 1.878452 1.757516 1.900410 1.757231 1.900852 1.757435 1.893098 1.844707 1.808138 1.827685 1.968407 1.811641 1.995022 1.753855 1.889789 1.764284 1.967995 1.751061 1.873467 1.754440 1.894805 1.751604 1.886815 1.753699 1.800088 1.755842 1.890574 1.747469 1.882739 
0.535448 0.964651 0.595598 0.972242 0.589521 0.965512 0.618609 0.956523 0.606818 0.945878 0.580153 0.977688 0.000000 0.995382 0.637101 0.978327 0.649071 0.979985 0.619953 1.001658 1.491819 1.740084 1.592803 1.770344 1.619086 1.793566 1.599364 1.805303 1.508294 1.764485 1.601817 1.818572 1.620255 1.839311 1.628602 1.809937 1.639260 1.838073 1.647250 1.815862 1.640607 1.808131 1.647695 1.842920 1.522521 1.815368 1.620112 1.827212 1.580655 1.745012 1.575356 1.727924 1.636165 1.813357 1.635741 1.818100 1.637478 1.815118 1.639139 1.821283 1.547499 1.807759 1.630483 1.826354 1.638717 1.811748 1.657681 1.814727 1.570937 1.722051 1.567625 1.724269 1.572426 1.727226 1.573693 1.719204 1.554755 1.737323 1.576662 1.723763 
0.919071 0.574935 0.953904 0.592484 0.962830 0.609192 0.946574 0.594852 0.945370 0.617803 0.967091 0.624791 0.995382 0.000000 0.992667 0.642038 0.977295 0.664466 0.985647 0.590827 1.685556 1.731154 1.687996 1.883757 1.706842 1.890479 1.684573 1.903742 1.718540 1.762928 1.719592 1.919805 1.722541 1.980392 1.793415 1.959665 1.808140 1.975978 1.836701 1.979901 1.788874 1.955066 1.794024 1.963769 1.800133 1.754333 1.796689 1.970359 1.805095 1.974039 1.810195 1.967805 1.804632 1.943487 1.794929 1.949623 1.795035 1.944846 1.843649 1.966784 1.800922 1.793116 1.775779 1.962293 1.790334 1.948357 1.792375 1.953588 1.799638 1.969705 1.812457 1.985908 1.808687 1.956129 1.799261 1.952429 1.725223 1.787293 1.823103 1.962431 
0.519156 0.973256 0.617029 0.957776 0.614015 0.973899 0.617941 0.965786 0.612795 0.979888 0.631381 0.981731 0.637101 0.992667 0.000000 1.008317 0.638246 0.995557 0.670479 1.003404 1.601932 1.767923 1.518644 1.783055 1.617108 1.801007 1.617411 1.801823 1.609745 1.776284 1.539608 1.794167 1.623286 1.843624 1.654211 1.807786 1.654621 1.823963 1.699872 1.819952 1.648043 1.819310 1.661403 1.849757 1.636139 1.832862 1.553195 1.838325 1.639366 1.875325 1.662278 1.866559 1.666962 1.835926 1.650809 1.836474 1.649238 1.829178 1.693829 1.856654 1.682935 1.827325 1.567516 1.859436 1.653549 1.825002 1.664335 1.824361 1.666371 1.843349 1.664164 1.861039 1.662802 1.830503 1.658219 1.813389 1.651385 1.831778 1.559703 1.833025 
0.989674 0.613576 0.975796 0.591711 0.980310 0.602416 0.974244 0.605158 0.966052 0.610302 0.982472 0.631929 0.978327 0.642038 1.008317 0.000000 1.017727 0.645598 0.997293 0.636313 1.690480 1.875383 1.723254 1.750668 1.719659 1.911047 1.722706 1.932095 1.741738 1.894100 1.751752 1.775157 1.736624 1.997932 1.822791 1.970269 1.824348 1.996258 1.855752 1.981733 1.827972 1.968636 1.814289 2.005759 1.834546 1.980448 1.830831 1.800720 1.830098 2.016078 1.814979 1.992562 1.821628 1.973290 1.818500 1.979684 1.812158 1.971691 1.832523 1.985580 1.818642 1.976696 1.807367 1.800913 1.814444 1.969189 1.805614 1.983270 1.810134 1.997627 1.819901 2.020950 1.819005 1.969679 1.817842 1.978252 1.813493 1.984091 1.842684 1.782454 
0.585185 0.979058 0.594028 0.977640 0.608291 0.978998 0.614472 0.989006 0.613865 0.975839 0.614479 0.980239 0.649071 0.977295 0.638246 1.017727 0.000000 1.010736 0.645386 0.997696 1.494725 1.740128 1.594196 1.765366 1.499363 1.762558 1.602866 1.796679 1.581044 1.762423 1.595542 1.796009 1.539529 1.769905 1.650458 1.802360 1.630210 1.824707 1.658999 1.819013 1.650577 1.809596 1.643184 1.836634 1.641138 1.809194 1.632499 1.827481 1.536999 1.835961 1.640677 1.826580 1.644598 1.822194 1.627155 1.816674 1.638727 1.815787 1.656056 1.827273 1.648116 1.807422 1.631792 1.835868 1.578423 1.809321 1.651646 1.805268 1.643453 1.824158 1.647256 1.856881 1.642164 1.804138 1.643524 1.799045 1.619070 1.807691 1.629222 1.800161 
0.972661 0.624015 0.975382 0.589611 0.974542 0.608347 0.972279 0.580169 0.995697 0.603683 0.974787 0.610146 0.979985 0.664466 0.995557 0.645598 1.010736 0.000000 1.014812 0.652703 1.690020 1.724668 1.705176 1.889400 1.701354 1.743162 1.700346 1.901673 1.701690 1.867631 1.721111 1.913772 1.729191 1.786381 1.825322 1.957665 1.825777 1.966490 1.849896 1.977472 1.803403 1.959619 1.808830 1.989135 1.815428 1.961084 1.802678 1.972301 1.814088 1.771587 1.809945 1.983341 1.816563 1.965598 1.808968 1.964284 1.809338 1.963016 1.821996 1.962858 1.801777 1.961642 1.793761 1.986587 1.811511 1.782895 1.810944 1.959969 1.805140 1.975065 1.803646 1.990100 1.818426 1.960372 1.820179 1.961837 1.813163 1.959646 1.827068 1.962542 
0.577897 1.002777 0.621888 0.961241 0.611936 0.975839 0.604128 0.980985 0.603783 0.981135 0.619276 0.985227 0.619953 0.985647 0.670479 0.997293 0.645386 1.014812 0.000000 1.009975 1.498659 1.822078 1.515095 1.772773 1.607776 1.772630 1.513796 1.782094 1.593145 1.753849 1.599371 1.792739 1.614174 1.846173 1.537923 1.811462 1.637425 1.829245 1.667882 1.823030 1.646798 1.817901 1.642417 1.844766 1.621486 1.819461 1.631686 1.850479 1.624752 1.856091 1.516842 1.834502 1.634279 1.821060 1.634951 1.813678 1.626585 1.813264 1.656325 1.834855 1.648502 1.814754 1.641262 1.841066 1.628862 1.804509 1.559423 1.820568 1.632093 1.837092 1.644793 1.856434 1.640314 1.809348 1.634554 1.822249 1.611145 1.813644 1.617189 1.816664 
0.969134 0.623359 0.991414 0.637330 0.994058 0.617721 0.970567 0.600859 0.989955 0.615815 1.000179 0.626353 1.001658 0.590827 1.003404 0.636313 0.997696 0.652703 1.009975 0.000000 1.641433 1.743434 1.703600 1.752416 1.719305 1.903825 1.707221 1.744638 1.721563 1.877966 1.725320 1.915227 1.725875 1.999123 1.815748 1.785653 1.828612 1.978762 1.859528 1.977009 1.813535 1.961752 1.795181 1.989989 1.820915 1.967531 1.816265 1.978123 1.823051 1.991621 1.818765 1.769718 1.825859 1.965333 1.837565 1.979207 1.818351 1.968575 1.828589 1.980421 1.827937 1.976111 1.791681 2.004734 1.811915 1.969322 1.820837 1.801889 1.804527 1.990615 1.819131 2.003854 1.813221 1.972083 1.824836 1.961407 1.824232 1.971074 1.840199 1.969082 
1.509681 1.645280 1.505812 1.635040 1.488520 1.640151 1.497066 1.640893 1.503928 1.685026 1.590746 1.686215 1.491819 1.685556 1.601932 1.690480 1.494725 1.690020 1.498659 1.641433 0.000000 0.990437 0.614974 0.988121 0.613912 0.983449 0.634484 0.983436 0.638739 0.991625 0.635175 0.991915 0.654163 1.028349 0.652947 1.024221 0.691442 1.031017 0.676766 1.020961 1.628379 1.799970 1.622223 1.833767 1.607320 1.806749 1.613434 1.817809 1.599501 1.833090 1.629120 1.830243 1.502380 1.809343 1.626513 1.804707 1.610214 1.815817 1.706744 1.812920 1.623781 1.800935 1.628347 1.825197 1.609555 1.790683 1.616972 1.847153 1.525547 1.827618 1.639486 1.855117 1.637544 1.801878 1.614599 1.794266 1.591211 1.798461 1.615008 1.812758 
1.628135 1.744817 1.619984 1.733654 1.628962 1.719373 1.622655 1.735131 1.639084 1.794407 1.627425 1.866571 1.740084 1.731154 1.767923 1.875383 1.740128 1.724668 1.822078 1.743434 0.990437 0.000000 1.007340 0.640728 1.006252 0.668585 0.981467 0.635620 0.991985 0.632666 1.006314 0.662020 1.005955 0.683582 1.016691 0.672752 1.035036 0.722054 1.039598 0.667232 1.812119 1.966955 1.802513 1.987303 1.815305 1.979354 1.818411 1.987443 1.828084 1.998224 1.815524 1.980985 1.834824 1.780632 1.822296 1.977759 1.830540 1.973683 1.836909 1.983768 1.825522 1.973671 1.801213 1.973212 1.816384 1.962515 1.820983 1.969826 1.806245 1.783039 1.804275 2.017192 1.886807 1.966755 1.818503 1.972456 1.810256 1.964561 1.840958 1.975781 
1.495719 1.652935 1.506658 1.641761 1.504478 1.641153 1.497781 1.652267 1.518066 1.688853 1.509390 1.643356 1.592803 1.687996 1.518644 1.723254 1.594196 1.705176 1.515095 1.703600 0.614974 1.007340 0.000000 1.022996 0.629539 0.991458 0.641867 0.987897 0.639874 0.984900 0.657977 0.998548 0.662393 1.022987 0.677887 1.019486 0.688489 1.055213 0.697452 1.039759 1.649164 1.810332 1.644263 1.825480 1.628792 1.800449 1.619285 1.817191 1.611469 1.828312 1.638391 1.825695 1.639264 1.806256 1.513882 1.810968 1.627881 1.804026 1.644128 1.830646 1.641751 1.811767 1.630586 1.833535 1.616182 1.800987 1.619167 1.804300 1.630916 1.829154 1.538054 1.878050 1.643984 1.800490 1.624954 1.800358 1.583288 1.816026 1.623769 1.805233 
1.617683 1.756724 1.618422 1.753130 1.617164 1.746409 1.618730 1.739795 1.635422 1.807299 1.627984 1.747282 1.770344 1.883757 1.783055 1.750668 1.765366 1.889400 1.772773 1.752416 0.988121 0.640728 1.022996 0.000000 0.991960 0.658696 0.981256 0.655367 0.989568 0.624094 0.998449 0.674328 1.005457 0.682641 0.988313 0.692772 1.035011 0.693318 1.030053 0.706935 1.808274 1.965165 1.796084 1.972988 1.807638 1.955716 1.802386 1.976519 1.812784 1.972856 1.789662 1.966356 1.809013 1.959369 1.797654 1.792454 1.805881 1.952581 1.805686 1.960379 1.798226 1.956372 1.785165 1.965794 1.791886 1.956773 1.815422 1.954967 1.805275 1.969943 1.794060 1.779150 1.797454 1.955058 1.801912 1.949366 1.804814 1.951198 1.824182 1.954439 
1.503530 1.672383 1.536049 1.646053 1.542163 1.651291 1.533390 1.657409 1.509869 1.715035 1.513374 1.654897 1.619086 1.706842 1.617108 1.719659 1.499363 1.701354 1.607776 1.719305 0.613912 1.006252 0.629539 0.991960 0.000000 1.021919 0.647358 1.002586 0.673443 0.988893 0.666398 0.999441 0.667510 1.044055 0.684564 1.041637 0.695301 1.033242 0.709945 1.046034 1.560923 1.820866 1.646235 1.834015 1.627159 1.827228 1.613947 1.822521 1.592760 1.856413 1.663461 1.857123 1.641013 1.831866 1.654215 1.859224 1.528719 1.841388 1.682740 1.850968 1.666818 1.839981 1.657308 1.888989 1.632509 1.827353 1.667319 1.840144 1.661202 1.853013 1.660507 1.877968 1.578232 1.830890 1.634336 1.828944 1.633452 1.822429 1.625577 1.837662 
1.621722 1.784330 1.613808 1.730002 1.625953 1.744528 1.646287 1.740434 1.638886 1.792700 1.656290 1.747847 1.793566 1.890479 1.801007 1.911047 1.762558 1.743162 1.772630 1.903825 0.983449 0.668585 0.991458 0.658696 1.021919 0.000000 1.032064 0.674882 0.985201 0.651430 1.003606 0.654624 1.032399 0.691838 1.018252 0.686631 1.043888 0.684638 1.020477 0.688165 1.813876 1.764487 1.780669 1.980008 1.809192 1.971260 1.814773 1.967624 1.795173 1.973540 1.780900 1.975775 1.811845 1.956165 1.804171 1.964671 1.802540 1.784195 1.814946 1.978251 1.792572 1.958375 1.763077 1.969215 1.793194 1.957818 1.803586 1.959352 1.794985 1.967643 1.786683 1.977447 1.800163 1.786952 1.808182 1.958736 1.791077 1.971017 1.812383 1.961447 
1.522072 1.681466 1.489087 1.652341 1.503808 1.647874 1.517473 1.649913 1.524601 1.721378 1.499933 1.659840 1.599364 1.684573 1.617411 1.722706 1.602866 1.700346 1.513796 1.707221 0.634484 0.981467 0.641867 0.981256 0.647358 1.032064 0.000000 1.041014 0.692899 0.996264 0.665062 1.004559 0.655399 1.033810 0.700267 1.047625 0.687488 1.028991 0.692452 1.052467 1.657763 1.798827 1.557426 1.836170 1.631401 1.809618 1.625062 1.835598 1.644420 1.831406 1.629248 1.829073 1.624068 1.800546 1.627429 1.806725 1.612573 1.809530 1.542385 1.827956 1.644749 1.807684 1.632126 1.828815 1.613721 1.801590 1.636358 1.806552 1.629891 1.826586 1.638072 1.848166 1.638984 1.810412 1.562484 1.807209 1.595814 1.813273 1.615653 1.813165 
1.725587 1.775325 1.613163 1.745138 1.613086 1.754673 1.624842 1.958538 1.643086 1.800839 1.650338 1.757194 1.805303 1.903742 1.801823 1.932095 1.796679 1.901673 1.782094 1.744638 0.983436 0.635620 0.987897 0.655367 1.002586 0.674882 1.041014 0.000000 1.031045 0.661965 0.997069 0.664432 0.998161 0.673896 1.032197 0.698821 1.037828 0.676738 1.038361 0.690595 1.806258 1.955926 1.829236 1.782826 1.805117 1.961618 1.802915 1.965290 1.791884 1.975368 1.794531 1.965330 1.803521 1.952090 1.797917 1.963305 1.797705 1.953666 1.817839 1.790960 1.794975 1.956242 1.783728 1.967133 1.803005 1.955648 1.807636 1.954166 1.790818 1.965457 1.801285 1.988349 1.800313 1.950918 1.803041 1.821984 1.809507 1.956448 1.823401 1.958201 
1.537649 1.691124 1.494955 1.666835 1.501014 1.651499 1.556719 1.669262 1.500057 1.713524 1.513832 1.659210 1.508294 1.718540 1.609745 1.741738 1.581044 1.701690 1.593145 1.721563 0.638739 0.991985 0.639874 0.989568 0.673443 0.985201 0.692899 1.031045 0.000000 1.038349 0.678569 1.002413 0.678970 1.066764 0.683325 1.051532 0.714257 1.048660 0.699518 1.041069 1.676998 1.794141 1.637773 1.826088 1.540082 1.794863 1.623323 1.830698 1.622383 1.834945 1.641555 1.820505 1.634789 1.809857 1.626221 1.814921 1.622568 1.806698 1.647598 1.824030 1.544401 1.805666 1.628344 1.830135 1.625369 1.798890 1.623118 1.802173 1.632724 1.827086 1.641105 1.853542 1.646248 1.814036 1.612667 1.803295 1.558591 1.824210 1.621818 1.808135 
1.633116 1.778604 1.647329 1.756798 1.632579 1.749608 1.622070 1.755844 1.633359 1.810556 1.629245 1.764955 1.764485 1.762928 1.776284 1.894100 1.762423 1.867631 1.753849 1.877966 0.991625 0.632666 0.984900 0.624094 0.988893 0.651430 0.996264 0.661965 1.038349 0.000000 1.046482 0.701637 1.013211 0.711030 1.042874 0.675909 1.052343 0.703878 1.056757 0.707745 1.826411 1.960634 1.805852 1.989257 1.819020 1.763796 1.816098 1.985126 1.818264 1.992308 1.814712 1.982757 1.816914 1.967780 1.813390 1.966965 1.810291 1.964024 1.824376 1.975359 1.818948 1.769842 1.785165 1.974796 1.806796 1.961816 1.819501 1.967455 1.814931 1.986402 1.817757 1.990023 1.804829 1.964278 1.810986 1.963994 1.810369 1.787565 1.835561 1.967120 
1.602145 1.767894 1.533576 1.668843 1.514277 1.663511 1.558782 1.667898 1.517132 1.731008 1.514385 1.669258 1.601817 1.719592 1.539608 1.751752 1.595542 1.721111 1.599371 1.725320 0.635175 1.006314 0.657977 0.998449 0.666398 1.003606 0.665062 0.997069 0.678569 1.046482 0.000000 1.057350 0.689733 1.031143 0.706076 1.052818 0.702031 1.068660 0.714188 1.057856 1.662776 1.804655 1.645122 1.829552 1.627785 1.808780 1.530058 1.847830 1.622498 1.842016 1.638066 1.823154 1.625186 1.809864 1.621775 1.815649 1.622541 1.807335 1.654705 1.823130 1.646687 1.815290 1.535874 1.823085 1.615602 1.801792 1.639564 1.816909 1.643637 1.826557 1.642602 1.852425 1.637205 1.810425 1.616291 1.811782 1.599794 1.818346 1.565915 1.811195 
1.736980 1.880852 1.742382 1.883614 1.670791 1.773252 1.652303 1.767101 1.672241 1.829931 1.654945 1.793222 1.818572 1.919805 1.794167 1.775157 1.796009 1.913772 1.792739 1.915227 0.991915 0.662020 0.998548 0.674328 0.999441 0.654624 1.004559 0.664432 1.002413 0.701637 1.057350 0.000000 1.052481 0.721641 1.054284 0.704871 1.067184 0.697039 1.056569 0.729865 1.817063 1.957379 1.782871 1.975239 1.809828 1.964619 1.800501 1.818332 1.799367 1.972315 1.791527 1.973875 1.819944 1.957658 1.795967 1.956438 1.800930 1.965395 1.822222 1.968911 1.812148 1.959547 1.779293 1.781872 1.802863 1.959767 1.801246 1.958897 1.787512 1.970305 1.792711 1.980149 1.791389 1.957919 1.806646 1.957466 1.798048 1.959552 1.825940 1.788772 
1.602763 1.761332 1.582384 1.748153 1.598410 1.755812 1.616586 1.774016 1.553013 1.743919 1.522478 1.683703 1.620255 1.722541 1.623286 1.736624 1.539529 1.729191 1.614174 1.725875 0.654163 1.005955 0.662393 1.005457 0.667510 1.032399 0.655399 0.998161 0.678970 1.013211 0.689733 1.052481 0.000000 1.057253 0.710576 1.041043 0.710587 1.069392 0.672132 1.065430 1.547182 1.815731 1.644029 1.834101 1.633007 1.799547 1.632434 1.830584 1.555217 1.835874 1.631225 1.831104 1.615772 1.818328 1.616096 1.810286 1.614615 1.812995 1.644719 1.819643 1.631712 1.811172 1.624926 1.836841 1.537201 1.814914 1.626151 1.812861 1.624501 1.833238 1.636787 1.852581 1.631014 1.816979 1.618824 1.820150 1.595956 1.817698 1.618485 1.813702 
1.739911 1.798053 1.724895 1.872904 1.738320 1.879384 1.712855 1.896754 1.756032 1.914798 1.749328 1.914905 1.839311 1.980392 1.843624 1.997932 1.769905 1.786381 1.846173 1.999123 1.028349 0.683582 1.022987 0.682641 1.044055 0.691838 1.033810 0.673896 1.066764 0.711030 1.031143 0.721641 1.057253 0.000000 1.083440 0.715849 1.056389 0.709144 1.065176 0.694693 1.831271 1.763277 1.808306 1.989218 1.834395 1.965215 1.823828 2.005083 1.825766 1.795142 1.815116 1.989778 1.820618 1.983115 1.816403 1.975694 1.819314 1.972646 1.829536 1.982029 1.824343 1.968278 1.788531 1.987164 1.817495 1.767144 1.838023 1.965884 1.816079 1.995020 1.824020 2.027156 1.815885 1.967372 1.834592 1.966998 1.822460 1.965244 1.839045 1.974948 
1.600480 1.755035 1.554726 1.748318 1.595959 1.741086 1.594744 1.750998 1.619220 1.801920 1.596600 1.756535 1.628602 1.793415 1.654211 1.822791 1.650458 1.825322 1.537923 1.815748 0.652947 1.016691 0.677887 0.988313 0.684564 1.018252 0.700267 1.032197 0.683325 1.042874 0.706076 1.054284 0.710576 1.083440 0.000000 1.067123 0.731451 1.072707 0.730501 1.076909 1.660819 1.796201 1.506453 1.809674 1.624352 1.808547 1.622736 1.829863 1.631338 1.839024 1.540604 1.825982 1.627367 1.805533 1.632186 1.801748 1.620637 1.808888 1.649881 1.818742 1.642722 1.805833 1.633379 1.822040 1.633782 1.804670 1.533672 1.802964 1.631536 1.833446 1.641309 1.857288 1.643383 1.799059 1.623481 1.801255 1.604341 1.813621 1.629197 1.809236 
1.736784 1.874845 1.727960 1.770070 1.722611 1.863252 1.717111 1.880153 1.732331 1.909333 1.716822 1.891533 1.809937 1.959665 1.807786 1.970269 1.802360 1.957665 1.811462 1.785653 1.024221 0.672752 1.019486 0.692772 1.041637 0.686631 1.047625 0.698821 1.051532 0.675909 1.052818 0.704871 1.041043 0.715849 1.067123 0.000000 1.081333 0.700168 1.062756 0.728631 1.829795 1.970451 1.810808 1.772243 1.827552 1.965567 1.817838 1.988974 1.806778 1.994901 1.814112 1.772561 1.827616 1.967779 1.813257 1.966175 1.817583 1.971354 1.823761 1.968058 1.802455 1.963669 1.794555 1.987131 1.801296 1.965536 1.824807 1.771854 1.797191 1.979837 1.825500 2.005952 1.825252 1.965535 1.821745 1.975624 1.810634 1.956391 1.833453 1.966476 
1.595911 1.747090 1.579669 1.739687 1.549296 1.747126 1.596027 1.753247 1.594936 1.808815 1.605310 1.759709 1.639260 1.808140 1.654621 1.824348 1.630210 1.825777 1.637425 1.828612 0.691442 1.035036 0.688489 1.035011 0.695301 1.043888 0.687488 1.037828 0.714257 1.052343 0.702031 1.067184 0.710587 1.056389 0.731451 1.081333 0.000000 1.095645 0.737959 1.063984 1.533498 1.826946 1.633722 1.830174 1.513243 1.809047 1.614861 1.828552 1.623723 1.838404 1.628534 1.826473 1.547662 1.824164 1.622052 1.809662 1.628559 1.816231 1.643533 1.824200 1.636512 1.820510 1.641168 1.822711 1.616291 1.803718 1.618569 1.805433 1.498464 1.826043 1.640379 1.855287 1.634523 1.810052 1.623886 1.797566 1.610624 1.820054 1.621277 1.809265 
1.730286 1.884286 1.715594 1.869638 1.728902 1.769854 1.716678 1.893390 1.737897 1.896079 1.728022 1.893434 1.838073 1.975978 1.823963 1.996258 1.824707 1.966490 1.829245 1.978762 1.031017 0.722054 1.055213 0.693318 1.033242 0.684638 1.028991 0.676738 1.048660 0.703878 1.068660 0.697039 1.069392 0.709144 1.072707 0.700168 1.095645 0.000000 1.093574 0.727980 1.823994 1.772099 1.812606 1.994613 1.820730 1.781674 1.824972 1.985886 1.822676 1.986518 1.812661 1.983036 1.831355 1.807950 1.820848 1.985490 1.821344 1.973435 1.856274 1.973243 1.828903 1.976871 1.803347 1.992899 1.817348 1.967672 1.821433 1.970357 1.831917 1.779309 1.828952 2.005582 1.814762 1.968758 1.820608 1.969080 1.821493 1.978456 1.842656 1.972940 
1.636104 1.776380 1.610014 1.743459 1.618943 1.750796 1.541007 1.758877 1.626678 1.827596 1.629815 1.861419 1.647250 1.836701 1.699872 1.855752 1.658999 1.849896 1.667882 1.859528 0.676766 1.039598 0.697452 1.030053 0.709945 1.020477 0.692452 1.038361 0.699518 1.056757 0.714188 1.056569 0.672132 1.065176 0.730501 1.062756 0.737959 1.093574 0.000000 1.108263 1.523617 1.830533 1.527140 1.842938 1.622424 1.825849 1.519748 1.828374 1.618660 1.841431 1.636459 1.835980 1.636111 1.820023 1.549282 1.827405 1.636873 1.817090 1.666965 1.830006 1.647089 1.813680 1.640934 1.845118 1.616898 1.816471 1.635104 1.813417 1.643675 1.830993 1.517582 1.859726 1.650996 1.817182 1.624136 1.817787 1.604163 1.824225 1.630049 1.820943 
1.728523 1.871381 1.718775 1.879285 1.728063 1.880957 1.778087 1.775006 1.740742 1.895343 1.823239 1.984864 1.815862 1.979901 1.819952 1.981733 1.819013 1.977472 1.823030 1.977009 1.020961 0.667232 1.039759 0.706935 1.046034 0.688165 1.052467 0.690595 1.041069 0.707745 1.057856 0.729865 1.065430 0.694693 1.076909 0.728631 1.063984 0.727980 1.108263 0.000000 1.687851 1.773496 1.822360 1.788389 1.823268 1.984303 1.812218 1.777136 1.815672 1.991047 1.814754 1.989325 1.823632 1.969528 1.821750 1.798451 1.826525 1.966952 1.835366 1.978467 1.826557 1.971915 1.788466 1.983502 1.815562 1.963672 1.827925 1.975008 1.811118 1.991352 1.821263 1.785538 1.808978 1.967213 1.823745 1.965564 1.814185 1.967601 1.838575 1.978038 
1.620072 1.769409 1.604007 1.746171 1.597925 1.746453 1.610574 1.757172 1.577381 1.813705 1.650067 1.824530 1.640607 1.788874 1.648043 1.827972 1.650577 1.803403 1.646798 1.813535 1.628379 1.812119 1.649164 1.808274 1.560923 1.813876 1.657763 1.806258 1.676998 1.826411 1.662776 1.817063 1.547182 1.831271 1.660819 1.829795 1.533498 1.823994 1.523617 1.687851 0.000000 0.996372 0.632880 0.975679 0.629460 0.983458 0.628729 0.981760 0.651507 0.997862 0.636231 0.983176 0.672920 1.044760 0.649553 1.036290 0.692149 1.016625 0.690894 1.004856 1.631682 1.813146 1.628667 1.835698 1.628557 1.793155 1.623461 1.802796 1.628786 1.824869 1.627192 1.849094 1.548502 1.805951 1.619306 1.812663 1.592391 1.808257 1.619022 1.798755 
1.715727 1.854453 1.712853 1.853455 1.727584 1.856341 1.711999 1.875537 1.727695 1.836643 1.715200 1.984269 1.808131 1.955066 1.819310 1.968636 1.809596 1.959619 1.817901 1.961752 1.799970 1.966955 1.810332 1.965165 1.820866 1.764487 1.798827 1.955926 1.794141 1.960634 1.804655 1.957379 1.815731 1.763277 1.796201 1.970451 1.826946 1.772099 1.830533 1.773496 0.996372 0.000000 1.024957 0.642798 0.998613 0.651525 1.004281 0.651806 1.006343 0.661240 0.993122 0.664699 1.013085 0.692193 1.017985 0.680615 1.023183 0.716509 1.047739 0.673523 1.820179 1.964916 1.797218 1.983794 1.819192 1.960855 1.820647 1.967192 1.807352 1.991226 1.818307 2.005085 1.814116 1.785271 1.824026 1.964237 1.819911 1.965254 1.849093 1.967438 
1.597249 1.764433 1.575944 1.746023 1.589566 1.743850 1.599382 1.763934 1.611921 1.807879 1.533526 1.753236 1.647695 1.794024 1.661403 1.814289 1.643184 1.808830 1.642417 1.795181 1.622223 1.802513 1.644263 1.796084 1.646235 1.780669 1.557426 1.829236 1.637773 1.805852 1.645122 1.782871 1.644029 1.808306 1.506453 1.810808 1.633722 1.812606 1.527140 1.822360 0.632880 1.024957 0.000000 0.981149 0.650791 0.999061 0.636013 1.003403 0.651910 1.005578 0.661024 0.997911 0.681797 1.037307 0.683136 1.052075 0.678009 1.041527 0.743074 1.016811 1.646148 1.796080 1.632048 1.830853 1.611151 1.801941 1.652870 1.807261 1.635851 1.828021 1.634850 1.858037 1.636261 1.806220 1.551943 1.808440 1.597471 1.811962 1.625552 1.809482 
1.713312 1.867260 1.706794 1.871241 1.730016 1.887773 1.717367 1.877594 1.730237 1.900978 1.719494 1.776012 1.842920 1.963769 1.849757 2.005759 1.836634 1.989135 1.844766 1.989989 1.833767 1.987303 1.825480 1.972988 1.834015 1.980008 1.836170 1.782826 1.826088 1.989257 1.829552 1.975239 1.834101 1.989218 1.809674 1.772243 1.830174 1.994613 1.842938 1.788389 0.975679 0.642798 0.981149 0.000000 1.007851 0.634032 0.979844 0.653647 0.985929 0.643410 0.979798 0.629288 1.018806 0.670404 1.026205 0.676676 1.016702 0.666884 1.063893 0.708508 1.799524 1.957089 1.773309 1.966700 1.802710 1.952421 1.806968 1.948087 1.789173 1.970851 1.793597 1.985409 1.796193 1.954885 1.804435 1.764699 1.806292 1.954552 1.818980 1.951309 
1.602897 1.757473 1.576963 1.747183 1.589127 1.737393 1.593544 1.757700 1.610231 1.806424 1.596825 1.825116 1.522521 1.800133 1.636139 1.834546 1.641138 1.815428 1.621486 1.820915 1.607320 1.815305 1.628792 1.807638 1.627159 1.809192 1.631401 1.805117 1.540082 1.819020 1.627785 1.809828 1.633007 1.834395 1.624352 1.827552 1.513243 1.820730 1.622424 1.823268 0.629460 0.998613 0.650791 1.007851 0.000000 1.024977 0.646418 0.988595 0.663188 0.988669 0.644562 0.993363 0.670631 1.009460 0.659147 1.047493 0.681612 1.047115 0.718959 1.010118 1.555272 1.806334 1.651396 1.832702 1.627986 1.803967 1.654073 1.810558 1.645399 1.832164 1.644944 1.856841 1.647119 1.811892 1.622375 1.806762 1.518277 1.818178 1.634721 1.811479 
1.714780 1.864196 1.716314 1.867948 1.712577 1.866498 1.705745 1.872428 1.723737 1.899136 1.726852 1.978845 1.815368 1.754333 1.832862 1.980448 1.809194 1.961084 1.819461 1.967531 1.806749 1.979354 1.800449 1.955716 1.827228 1.971260 1.809618 1.961618 1.794863 1.763796 1.808780 1.964619 1.799547 1.965215 1.808547 1.965567 1.809047 1.781674 1.825849 1.984303 0.983458 0.651525 0.999061 0.634032 1.024977 0.000000 1.019507 0.652291 0.997330 0.664976 0.993116 0.654806 1.007164 0.685965 1.025292 0.680340 1.037110 0.681501 1.066319 0.691316 1.811562 1.774885 1.800985 1.993607 1.818906 1.965043 1.831094 1.968453 1.828179 1.986792 1.810835 2.005773 1.818279 1.968470 1.819868 1.964591 1.822030 1.783316 1.836631 1.965603 
1.602691 1.750148 1.582488 1.750185 1.594154 1.738767 1.592872 1.756722 1.593186 1.805850 1.616915 1.829066 1.620112 1.796689 1.553195 1.830831 1.632499 1.802678 1.631686 1.816265 1.613434 1.818411 1.619285 1.802386 1.613947 1.814773 1.625062 1.802915 1.623323 1.816098 1.530058 1.800501 1.632434 1.823828 1.622736 1.817838 1.614861 1.824972 1.519748 1.812218 0.628729 1.004281 0.636013 0.979844 0.646418 1.019507 0.000000 1.012665 0.644859 0.993673 0.658430 0.995044 0.678913 1.029643 0.676326 1.039813 0.671430 1.047458 0.699053 1.047493 1.643049 1.805324 1.550756 1.833633 1.630377 1.804867 1.634370 1.812428 1.640244 1.826993 1.645516 1.853946 1.645266 1.809072 1.632991 1.815527 1.611403 1.814378 1.533003 1.813776 
1.735284 1.876960 1.734384 1.889955 1.734986 1.900077 1.729114 1.899109 1.735428 1.928760 1.743150 2.004241 1.827212 1.970359 1.838325 1.800720 1.827481 1.972301 1.850479 1.978123 1.817809 1.987443 1.817191 1.976519 1.822521 1.967624 1.835598 1.965290 1.830698 1.985126 1.847830 1.818332 1.830584 2.005083 1.829863 1.988974 1.828552 1.985886 1.828374 1.777136 0.981760 0.651806 1.003403 0.653647 0.988595 0.652291 1.012665 0.000000 1.028856 0.671818 0.986490 0.678236 1.007298 0.698738 1.025821 0.714194 1.030706 0.684962 1.081110 0.691495 1.856681 1.986115 1.827788 1.810791 1.823523 1.981663 1.854541 1.986796 1.829771 2.005248 1.842550 2.034611 1.836889 1.978580 1.831560 1.984914 1.838244 1.987808 1.856881 1.795091 
1.578065 1.755083 1.567336 1.746782 1.576355 1.751464 1.573248 1.757057 1.594639 1.810696 1.599211 1.755412 1.580655 1.805095 1.639366 1.830098 1.536999 1.814088 1.624752 1.823051 1.599501 1.828084 1.611469 1.812784 1.592760 1.795173 1.644420 1.791884 1.622383 1.818264 1.622498 1.799367 1.555217 1.825766 1.631338 1.806778 1.623723 1.822676 1.618660 1.815672 0.651507 1.006343 0.651910 0.985929 0.663188 0.997330 0.644859 1.028856 0.000000 0.997619 0.658511 0.994442 0.692991 1.043523 0.674323 1.044687 0.682059 1.050389 0.713072 1.048940 1.638597 1.804820 1.630375 1.866562 1.538324 1.821834 1.650291 1.826417 1.660995 1.846629 1.661139 1.868100 1.638486 1.815430 1.647490 1.821541 1.612704 1.813302 1.635001 1.808115 
1.707033 1.803540 1.708512 1.860599 1.717821 1.871725 1.711576 1.881499 1.723482 1.896028 1.725979 1.879488 1.745012 1.974039 1.875325 2.016078 1.835961 1.771587 1.856091 1.991621 1.833090 1.998224 1.828312 1.972856 1.856413 1.973540 1.831406 1.975368 1.834945 1.992308 1.842016 1.972315 1.835874 1.795142 1.839024 1.994901 1.838404 1.986518 1.841431 1.991047 0.997862 0.661240 1.005578 0.643410 0.988669 0.664976 0.993673 0.671818 0.997619 0.000000 1.017847 0.676776 1.030263 0.698328 1.025942 0.691796 1.042889 0.687087 1.087840 0.681628 1.836618 1.966433 1.796619 1.965758 1.806533 1.772312 1.805040 1.958226 1.794176 1.969003 1.804953 1.982448 1.815107 1.956730 1.818144 1.950154 1.804239 1.961589 1.826156 1.958912 
1.590010 1.753657 1.578116 1.752409 1.587708 1.750189 1.596809 1.750257 1.603702 1.803456 1.598509 1.755668 1.575356 1.810195 1.662278 1.814979 1.640677 1.809945 1.516842 1.818765 1.629120 1.815524 1.638391 1.789662 1.663461 1.780900 1.629248 1.794531 1.641555 1.814712 1.638066 1.791527 1.631225 1.815116 1.540604 1.814112 1.628534 1.812661 1.636459 1.814754 0.636231 0.993122 0.661024 0.979798 0.644562 0.993116 0.658430 0.986490 0.658511 1.017847 0.000000 1.010105 0.674104 1.043920 0.688771 1.008875 0.673815 1.034301 0.709863 1.045782 1.660226 1.793800 1.622518 1.814727 1.625989 1.802245 1.549098 1.804713 1.631116 1.824284 1.628118 1.847480 1.632596 1.795627 1.607514 1.796141 1.580295 1.812117 1.607480 1.802851 
1.716309 1.864792 1.711390 1.776997 1.712372 1.857534 1.702466 1.891908 1.722270 1.894174 1.716432 1.878452 1.727924 1.967805 1.866559 1.992562 1.826580 1.983341 1.834502 1.769718 1.830243 1.980985 1.825695 1.966356 1.857123 1.975775 1.829073 1.965330 1.820505 1.982757 1.823154 1.973875 1.831104 1.989778 1.825982 1.772561 1.826473 1.983036 1.835980 1.989325 0.983176 0.664699 0.997911 0.629288 0.993363 0.654806 0.995044 0.678236 0.994442 0.676776 1.010105 0.000000 1.031907 0.703167 1.016139 0.701209 1.035217 0.689395 1.047881 0.679392 1.819753 1.935092 1.789072 1.963038 1.791410 1.939993 1.801803 1.770342 1.784670 1.961116 1.804340 1.980475 1.779205 1.949253 1.792607 1.942286 1.795759 1.941970 1.806204 1.942107 
1.603769 1.750801 1.582352 1.746360 1.580315 1.747443 1.584233 1.746771 1.608776 1.804539 1.590690 1.757516 1.636165 1.804632 1.666962 1.821628 1.644598 1.816563 1.634279 1.825859 1.502380 1.834824 1.639264 1.809013 1.641013 1.811845 1.624068 1.803521 1.634789 1.816914 1.625186 1.819944 1.615772 1.820618 1.627367 1.827616 1.547662 1.831355 1.636111 1.823632 0.672920 1.013085 0.681797 1.018806 0.670631 1.007164 0.678913 1.007298 0.692991 1.030263 0.674104 1.031907 0.000000 1.080525 0.714850 1.063188 0.733372 1.075055 0.720970 1.062414 1.548980 1.832108 1.642610 1.842571 1.633498 1.821188 1.658674 1.819216 1.564141 1.838977 1.651276 1.859342 1.644271 1.814943 1.635914 1.822566 1.616464 1.815146 1.658530 1.810001 
1.708415 1.852426 1.713948 1.871205 1.719428 1.769801 1.713701 1.886668 1.727482 1.897242 1.725844 1.900410 1.813357 1.943487 1.835926 1.973290 1.822194 1.965598 1.821060 1.965333 1.809343 1.780632 1.806256 1.959369 1.831866 1.956165 1.800546 1.952090 1.809857 1.967780 1.809864 1.957658 1.818328 1.983115 1.805533 1.967779 1.824164 1.807950 1.820023 1.969528 1.044760 0.692193 1.037307 0.670404 1.009460 0.685965 1.029643 0.698738 1.043523 0.698328 1.043920 0.703167 1.080525 0.000000 1.064006 0.708636 1.054787 0.716899 1.074957 0.685052 1.835897 1.768945 1.791906 1.974957 1.816144 1.961027 1.820412 1.964546 1.814634 1.781382 1.811391 1.998984 1.807903 1.967635 1.817662 1.966721 1.808133 1.965224 1.833040 1.963147 
1.600570 1.758049 1.590462 1.744429 1.605442 1.737925 1.551029 1.758197 1.598177 1.816254 1.602038 1.757231 1.635741 1.794929 1.650809 1.818500 1.627155 1.808968 1.634951 1.837565 1.626513 1.822296 1.513882 1.797654 1.654215 1.804171 1.627429 1.797917 1.626221 1.813390 1.621775 1.795967 1.616096 1.816403 1.632186 1.813257 1.622052 1.820848 1.549282 1.821750 0.649553 1.017985 0.683136 1.026205 0.659147 1.025292 0.676326 1.025821 0.674323 1.025942 0.688771 1.016139 0.714850 1.064006 0.000000 1.075233 0.698746 1.042833 0.752954 1.057818 1.668036 1.802456 1.502318 1.835739 1.620058 1.805799 1.629893 1.805285 1.632070 1.823831 1.550262 1.854259 1.642226 1.809020 1.621175 1.806149 1.613251 1.810366 1.629193 1.805539 
